  0    0       NOP
  1    0       NOP
  2   32  45   LDA 45
  4   16  44   STA 44
  6   32  44   LDA 44
  8  160  50   JZ  50
 10   48  46   ADD 46
 12  144  34   JN  34
 14  160  26   JZ  26
 16   16  44   STA 44
 18   32  47   LDA 47
 20   48  41   ADD 41
 22   16  47   STA 47
 24  128   6   JMP 6
 26   32  47   LDA 47
 28   48  41   ADD 41
 30   16  47   STA 47
 32  128  50   JMP 50
 34   48  46   ADD 46
 36   16  48   STA 48
 38  128  50   JMP 50
 40    0       NOP
 41    1       NOP
 42  255       HLT
 43    2       NOP
 44    0       NOP
 45   10       NOP
 46    2       NOP
 47    0       NOP
 48    0       NOP
 49    0       NOP
 50  240       HLT
 51    0       NOP
 52    0       NOP
 53    0       NOP
 54    0       NOP
 55    0       NOP
 56    0       NOP
 57    0       NOP
 58    0       NOP
 59    0       NOP
 60    0       NOP
 61    0       NOP
 62    0       NOP
 63    0       NOP
 64    0       NOP
 65    0       NOP
 66    0       NOP
 67    0       NOP
 68    0       NOP
 69    0       NOP
 70    0       NOP
 71    0       NOP
 72    0       NOP
 73    0       NOP
 74    0       NOP
 75    0       NOP
 76    0       NOP
 77    0       NOP
 78    0       NOP
 79    0       NOP
 80    0       NOP
 81    0       NOP
 82    0       NOP
 83    0       NOP
 84    0       NOP
 85    0       NOP
 86    0       NOP
 87    0       NOP
 88    0       NOP
 89    0       NOP
 90    0       NOP
 91    0       NOP
 92    0       NOP
 93    0       NOP
 94    0       NOP
 95    0       NOP
 96    0       NOP
 97    0       NOP
 98    0       NOP
 99    0       NOP
100    0       NOP
101    0       NOP
102    0       NOP
103    0       NOP
104    0       NOP
105    0       NOP
106    0       NOP
107    0       NOP
108    0       NOP
109    0       NOP
110    0       NOP
111    0       NOP
112    0       NOP
113    0       NOP
114    0       NOP
115    0       NOP
116    0       NOP
117    0       NOP
118    0       NOP
119    0       NOP
120    0       NOP
121    0       NOP
122    0       NOP
123    0       NOP
124    0       NOP
125    0       NOP
126    0       NOP
127    0       NOP

128    0      
129    0      
130    0      
131    0      
132    0      
133    0      
134    0      
135    0      
136    0      
137    0      
138    0      
139    0      
140    0      
141    0      
142    0      
143    0      
144    0      
145    0      
146    0      
147    0      
148    0      
149    0      
150    0      
151    0      
152    0      
153    0      
154    0      
155    0      
156    0      
157    0      
158    0      
159    0      
160    0      
161    0      
162    0      
163    0      
164    0      
165    0      
166    0      
167    0      
168    0      
169    0      
170    0      
171    0      
172    0      
173    0      
174    0      
175    0      
176    0      
177    0      
178    0      
179    0      
180    0      
181    0      
182    0      
183    0      
184    0      
185    0      
186    0      
187    0      
188    0      
189    0      
190    0      
191    0      
192    0      
193    0      
194    0      
195    0      
196    0      
197    0      
198    0      
199    0      
200    0      
201    0      
202    0      
203    0      
204    0      
205    0      
206    0      
207    0      
208    0      
209    0      
210    0      
211    0      
212    0      
213    0      
214    0      
215    0      
216    0      
217    0      
218    0      
219    0      
220    0      
221    0      
222    0      
223    0      
224    0      
225    0      
226    0      
227    0      
228    0      
229    0      
230    0      
231    0      
232    0      
233    0      
234    0      
235    0      
236    0      
237    0      
238    0      
239    0      
240    0      
241    0      
242    0      
243    0      
244    0      
245    0      
246    0      
247    0      
248    0      
249    0      
250    0      
251    0      
252    0      
253    0      
254    0      
255    0      
