  0    0       NOP
  1    0       NOP
  2   32  57   LDA 57
  4   48  66   ADD 66
  6   16  75   STA 75
  8   32  58   LDA 58
 10   48  67   ADD 67
 12   16  76   STA 76
 14   32  59   LDA 59
 16   48  68   ADD 68
 18   16  77   STA 77
 20   32  60   LDA 60
 22   48  69   ADD 69
 24   16  78   STA 78
 26   32  61   LDA 61
 28   48  70   ADD 70
 30   16  79   STA 79
 32   32  62   LDA 62
 34   48  71   ADD 71
 36   16  80   STA 80
 38   32  63   LDA 63
 40   48  72   ADD 72
 42   16  81   STA 81
 44   32  64   LDA 64
 46   48  73   ADD 73
 48   16  82   STA 82
 50   32  65   LDA 65
 52   48  74   ADD 74
 54   16  83   STA 83
 56    9       NOP
 57    1       NOP
 58    1       NOP
 59    1       NOP
 60    1       NOP
 61    1       NOP
 62    1       NOP
 63    1       NOP
 64    1       NOP
 65    1       NOP
 66    2       NOP
 67    2       NOP
 68    2       NOP
 69    2       NOP
 70    2       NOP
 71    2       NOP
 72    2       NOP
 73    2       NOP
 74    2       NOP
 75    2       NOP
 76    2       NOP
 77    2       NOP
 78    2       NOP
 79    2       NOP
 80    2       NOP
 81    2       NOP
 82    2       NOP
 83    2       NOP
 84  240       HLT
 85    0       NOP
 86    0       NOP
 87    0       NOP
 88    0       NOP
 89    0       NOP
 90    0       NOP
 91    0       NOP
 92    0       NOP
 93    0       NOP
 94    0       NOP
 95    0       NOP
 96    0       NOP
 97    0       NOP
 98    0       NOP
 99    0       NOP
100    0       NOP
101    0       NOP
102    0       NOP
103    0       NOP
104    0       NOP
105    0       NOP
106    0       NOP
107    0       NOP
108    0       NOP
109    0       NOP
110    0       NOP
111    0       NOP
112    0       NOP
113    0       NOP
114    0       NOP
115    0       NOP
116    0       NOP
117    0       NOP
118    0       NOP
119    0       NOP
120    0       NOP
121    0       NOP
122    0       NOP
123    0       NOP
124    0       NOP
125    0       NOP
126    0       NOP
127    0       NOP

128    0      
129    0      
130    0      
131    0      
132    0      
133    0      
134    0      
135    0      
136    0      
137    0      
138    0      
139    0      
140    0      
141    0      
142    0      
143    0      
144    0      
145    0      
146    0      
147    0      
148    0      
149    0      
150    0      
151    0      
152    0      
153    0      
154    0      
155    0      
156    0      
157    0      
158    0      
159    0      
160    0      
161    0      
162    0      
163    0      
164    0      
165    0      
166    0      
167    0      
168    0      
169    0      
170    0      
171    0      
172    0      
173    0      
174    0      
175    0      
176    0      
177    0      
178    0      
179    0      
180    0      
181    0      
182    0      
183    0      
184    0      
185    0      
186    0      
187    0      
188    0      
189    0      
190    0      
191    0      
192    0      
193    0      
194    0      
195    0      
196    0      
197    0      
198    0      
199    0      
200    0      
201    0      
202    0      
203    0      
204    0      
205    0      
206    0      
207    0      
208    0      
209    0      
210    0      
211    0      
212    0      
213    0      
214    0      
215    0      
216    0      
217    0      
218    0      
219    0      
220    0      
221    0      
222    0      
223    0      
224    0      
225    0      
226    0      
227    0      
228    0      
229    0      
230    0      
231    0      
232    0      
233    0      
234    0      
235    0      
236    0      
237    0      
238    0      
239    0      
240    0      
241    0      
242    0      
243    0      
244    0      
245    0      
246    0      
247    0      
248    0      
249    0      
250    0      
251    0      
252    0      
253    0      
254    0      
255    0      
